3.000000000000000000e+02 -6.675760000000000201e-04 -1.068120000000000067e-04
3.023999999999999773e+02 -6.599460000000000135e-04 -1.144409999999999975e-04
3.048000000000000114e+02 -6.637610000000000168e-04 -1.106269999999999964e-04
3.071999999999999886e+02 -6.637610000000000168e-04 -1.106269999999999964e-04
3.096000000000000227e+02 -6.637610000000000168e-04 -1.068120000000000067e-04
3.120000000000000000e+02 -6.637610000000000168e-04 -1.068120000000000067e-04
3.143999999999999773e+02 -6.637610000000000168e-04 -1.068120000000000067e-04
3.168000000000000114e+02 -6.637610000000000168e-04 -1.029970000000000034e-04
3.191999999999999886e+02 -6.637610000000000168e-04 -1.029970000000000034e-04
3.216000000000000227e+02 -6.637610000000000168e-04 -9.918260000000000140e-05
3.240000000000000000e+02 -6.637610000000000168e-04 -9.536790000000000555e-05
3.263999999999999773e+02 -6.637610000000000168e-04 -9.155319999999999615e-05
3.288000000000000114e+02 -6.637610000000000168e-04 -9.155319999999999615e-05
3.311999999999999886e+02 -6.637610000000000168e-04 -8.773850000000000030e-05
3.336000000000000227e+02 -6.637610000000000168e-04 -8.773850000000000030e-05
3.360000000000000000e+02 -6.637610000000000168e-04 -8.392380000000000445e-05
3.383999999999999773e+02 -6.599460000000000135e-04 -8.010909999999999505e-05
3.408000000000000114e+02 -6.637610000000000168e-04 -8.010909999999999505e-05
3.431999999999999886e+02 -6.637610000000000168e-04 -8.010909999999999505e-05
3.456000000000000227e+02 -6.637610000000000168e-04 -8.010909999999999505e-05
3.480000000000000000e+02 -6.637610000000000168e-04 -8.010909999999999505e-05
3.505000000000000000e+02 -6.637610000000000168e-04 -7.629439999999999920e-05
3.528999999999999773e+02 -6.637610000000000168e-04 -7.247970000000000335e-05
3.553000000000000114e+02 -6.637610000000000168e-04 -7.247970000000000335e-05
3.576999999999999886e+02 -6.599460000000000135e-04 -6.866499999999999394e-05
3.601000000000000227e+02 -6.637610000000000168e-04 -6.485029999999999809e-05
3.625000000000000000e+02 -6.637610000000000168e-04 -6.485029999999999809e-05
3.648999999999999773e+02 -6.637610000000000168e-04 -6.485029999999999809e-05
3.673000000000000114e+02 -6.637610000000000168e-04 -6.103560000000000224e-05
3.696999999999999886e+02 -6.637610000000000168e-04 -6.103560000000000224e-05
3.721000000000000227e+02 -6.599460000000000135e-04 -6.103560000000000224e-05
3.745000000000000000e+02 -6.599460000000000135e-04 -5.722069999999999918e-05
3.768999999999999773e+02 -6.599460000000000135e-04 -5.340600000000000333e-05
3.793000000000000114e+02 -6.599460000000000135e-04 -5.340600000000000333e-05
3.816999999999999886e+02 -6.599460000000000135e-04 -5.340600000000000333e-05
3.841000000000000227e+02 -6.599460000000000135e-04 -5.340600000000000333e-05
3.865000000000000000e+02 -6.599460000000000135e-04 -4.959130000000000070e-05
3.888999999999999773e+02 -6.599460000000000135e-04 -4.959130000000000070e-05
3.913000000000000114e+02 -6.599460000000000135e-04 -4.959130000000000070e-05
3.936999999999999886e+02 -6.599460000000000135e-04 -4.577659999999999808e-05
3.961000000000000227e+02 -6.599460000000000135e-04 -4.577659999999999808e-05
3.985000000000000000e+02 -6.599460000000000135e-04 -4.196190000000000223e-05
4.010000000000000000e+02 -6.599460000000000135e-04 -4.196190000000000223e-05
4.033999999999999773e+02 -6.599460000000000135e-04 -4.196190000000000223e-05
4.058000000000000114e+02 -6.599460000000000135e-04 -3.814719999999999960e-05
4.081999999999999886e+02 -6.561320000000000260e-04 -3.814719999999999960e-05
4.106000000000000227e+02 -6.599460000000000135e-04 -3.814719999999999960e-05
4.130000000000000000e+02 -6.561320000000000260e-04 -3.433249999999999697e-05
4.153999999999999773e+02 -6.599460000000000135e-04 -3.433249999999999697e-05
4.178000000000000114e+02 -6.599460000000000135e-04 -3.051780000000000112e-05
4.201999999999999886e+02 -6.599460000000000135e-04 -3.433249999999999697e-05
4.226000000000000227e+02 -6.561320000000000260e-04 -2.670300000000000166e-05
4.250000000000000000e+02 -6.561320000000000260e-04 -2.670300000000000166e-05
4.273999999999999773e+02 -6.561320000000000260e-04 -2.670300000000000166e-05
4.298000000000000114e+02 -6.561320000000000260e-04 -2.670300000000000166e-05
4.321999999999999886e+02 -6.561320000000000260e-04 -2.288829999999999904e-05
4.346000000000000227e+02 -6.561320000000000260e-04 -2.288829999999999904e-05
4.370000000000000000e+02 -6.561320000000000260e-04 -2.288829999999999904e-05
4.393999999999999773e+02 -6.523170000000000227e-04 -2.288829999999999904e-05
4.418000000000000114e+02 -6.523170000000000227e-04 -1.907359999999999980e-05
4.441999999999999886e+02 -6.561320000000000260e-04 -1.907359999999999980e-05
4.466000000000000227e+02 -6.523170000000000227e-04 -1.907359999999999980e-05
4.490000000000000000e+02 -6.523170000000000227e-04 -1.525890000000000056e-05
4.515000000000000000e+02 -6.523170000000000227e-04 -1.525890000000000056e-05
4.538999999999999773e+02 -6.523170000000000227e-04 -1.144419999999999963e-05
4.563000000000000114e+02 -6.485020000000000194e-04 -1.144419999999999963e-05
4.586999999999999886e+02 -6.485020000000000194e-04 -1.144419999999999963e-05
4.611000000000000227e+02 -6.523170000000000227e-04 -7.629450000000000280e-06
4.635000000000000000e+02 -6.485020000000000194e-04 -7.629450000000000280e-06
4.658999999999999773e+02 -6.485020000000000194e-04 -3.814729999999999643e-06
4.683000000000000114e+02 -6.485020000000000194e-04 -3.814729999999999643e-06
4.706999999999999886e+02 -6.485020000000000194e-04 -3.814729999999999643e-06
4.731000000000000227e+02 -6.485020000000000194e-04 -3.814729999999999643e-06
4.755000000000000000e+02 -6.446880000000000319e-04 0.000000000000000000e+00
4.778999999999999773e+02 -6.485020000000000194e-04 0.000000000000000000e+00
4.803000000000000114e+02 -6.485020000000000194e-04 0.000000000000000000e+00
4.826999999999999886e+02 -6.446880000000000319e-04 0.000000000000000000e+00
4.851000000000000227e+02 -6.446880000000000319e-04 0.000000000000000000e+00
4.875000000000000000e+02 -6.408730000000000286e-04 0.000000000000000000e+00
4.898999999999999773e+02 -6.446880000000000319e-04 3.814729999999999643e-06
4.923000000000000114e+02 -6.446880000000000319e-04 3.814729999999999643e-06
4.946999999999999886e+02 -6.408730000000000286e-04 7.629450000000000280e-06
4.971000000000000227e+02 -6.446880000000000319e-04 7.629450000000000280e-06
4.995000000000000000e+02 -6.408730000000000286e-04 7.629450000000000280e-06
5.020000000000000000e+02 -6.408730000000000286e-04 7.629450000000000280e-06
5.043999999999999773e+02 -6.408730000000000286e-04 1.144419999999999963e-05
5.068000000000000114e+02 -6.408730000000000286e-04 1.525890000000000056e-05
5.091999999999999886e+02 -6.408730000000000286e-04 1.525890000000000056e-05
5.116000000000000227e+02 -6.370580000000000253e-04 1.525890000000000056e-05
5.140000000000000000e+02 -6.370580000000000253e-04 1.525890000000000056e-05
5.163999999999999773e+02 -6.370580000000000253e-04 1.907359999999999980e-05
5.187999999999999545e+02 -6.370580000000000253e-04 1.907359999999999980e-05
5.212000000000000455e+02 -6.370580000000000253e-04 1.907359999999999980e-05
5.236000000000000227e+02 -6.370580000000000253e-04 2.288829999999999904e-05
5.260000000000000000e+02 -6.370580000000000253e-04 1.907359999999999980e-05
5.283999999999999773e+02 -6.370580000000000253e-04 2.288829999999999904e-05
5.307999999999999545e+02 -6.370580000000000253e-04 2.288829999999999904e-05
5.332000000000000455e+02 -6.370580000000000253e-04 2.288829999999999904e-05
5.356000000000000227e+02 -6.370580000000000253e-04 2.288829999999999904e-05
5.380000000000000000e+02 -6.332430000000000220e-04 2.670300000000000166e-05
5.403999999999999773e+02 -6.370580000000000253e-04 3.051780000000000112e-05
5.427999999999999545e+02 -6.370580000000000253e-04 2.670300000000000166e-05
5.452000000000000455e+02 -6.332430000000000220e-04 2.670300000000000166e-05
5.476000000000000227e+02 -6.332430000000000220e-04 2.670300000000000166e-05
5.501000000000000227e+02 -6.332430000000000220e-04 3.051780000000000112e-05
5.525000000000000000e+02 -6.332430000000000220e-04 3.051780000000000112e-05
5.548999999999999773e+02 -6.294290000000000345e-04 3.051780000000000112e-05
5.572999999999999545e+02 -6.332430000000000220e-04 3.051780000000000112e-05
5.597000000000000455e+02 -6.294290000000000345e-04 3.051780000000000112e-05
5.621000000000000227e+02 -6.332430000000000220e-04 3.051780000000000112e-05
5.645000000000000000e+02 -6.294290000000000345e-04 3.433249999999999697e-05
5.668999999999999773e+02 -6.294290000000000345e-04 3.433249999999999697e-05
5.692999999999999545e+02 -6.332430000000000220e-04 3.051780000000000112e-05
5.717000000000000455e+02 -6.256140000000000312e-04 3.814719999999999960e-05
5.741000000000000227e+02 -6.256140000000000312e-04 3.814719999999999960e-05
5.765000000000000000e+02 -6.217990000000000279e-04 3.814719999999999960e-05
5.788999999999999773e+02 -6.256140000000000312e-04 4.196190000000000223e-05
5.812999999999999545e+02 -6.217990000000000279e-04 4.577659999999999808e-05
5.837000000000000455e+02 -6.256140000000000312e-04 4.196190000000000223e-05
5.861000000000000227e+02 -6.256140000000000312e-04 4.196190000000000223e-05
5.885000000000000000e+02 -6.217990000000000279e-04 4.196190000000000223e-05
5.908999999999999773e+02 -6.256140000000000312e-04 4.196190000000000223e-05
5.932999999999999545e+02 -6.217990000000000279e-04 4.577659999999999808e-05
5.957000000000000455e+02 -6.217990000000000279e-04 4.577659999999999808e-05
5.981000000000000227e+02 -6.217990000000000279e-04 4.577659999999999808e-05
6.006000000000000227e+02 -6.217990000000000279e-04 4.959130000000000070e-05
6.030000000000000000e+02 -6.179850000000000404e-04 4.959130000000000070e-05
6.053999999999999773e+02 -6.179850000000000404e-04 4.959130000000000070e-05
6.077999999999999545e+02 -6.141700000000000371e-04 4.959130000000000070e-05
6.102000000000000455e+02 -6.141700000000000371e-04 5.340600000000000333e-05
6.126000000000000227e+02 -6.141700000000000371e-04 4.959130000000000070e-05
6.150000000000000000e+02 -6.141700000000000371e-04 4.959130000000000070e-05
6.173999999999999773e+02 -6.141700000000000371e-04 4.959130000000000070e-05
6.197999999999999545e+02 -6.103550000000000338e-04 5.340600000000000333e-05
6.222000000000000455e+02 -6.103550000000000338e-04 5.340600000000000333e-05
6.246000000000000227e+02 -6.103550000000000338e-04 5.340600000000000333e-05
6.270000000000000000e+02 -6.103550000000000338e-04 5.340600000000000333e-05
6.293999999999999773e+02 -6.103550000000000338e-04 5.340600000000000333e-05
6.317999999999999545e+02 -6.103550000000000338e-04 5.340600000000000333e-05
6.342000000000000455e+02 -6.103550000000000338e-04 5.722069999999999918e-05
6.366000000000000227e+02 -6.065410000000000463e-04 5.722069999999999918e-05
6.390000000000000000e+02 -6.103550000000000338e-04 5.722069999999999918e-05
6.413999999999999773e+02 -6.103550000000000338e-04 5.722069999999999918e-05
6.437999999999999545e+02 -6.103550000000000338e-04 6.103560000000000224e-05
6.462000000000000455e+02 -6.103550000000000338e-04 6.103560000000000224e-05
6.486000000000000227e+02 -6.103550000000000338e-04 6.103560000000000224e-05
6.511000000000000227e+02 -6.065410000000000463e-04 6.103560000000000224e-05
6.535000000000000000e+02 -6.065410000000000463e-04 6.103560000000000224e-05
6.558999999999999773e+02 -6.065410000000000463e-04 6.103560000000000224e-05
6.582999999999999545e+02 -6.027260000000000430e-04 6.485029999999999809e-05
6.607000000000000455e+02 -6.027260000000000430e-04 6.866499999999999394e-05
6.631000000000000227e+02 -6.027260000000000430e-04 6.866499999999999394e-05
6.655000000000000000e+02 -6.027260000000000430e-04 6.485029999999999809e-05
6.678999999999999773e+02 -6.065410000000000463e-04 6.485029999999999809e-05
6.702999999999999545e+02 -6.027260000000000430e-04 7.247970000000000335e-05
6.727000000000000455e+02 -5.989110000000000397e-04 6.866499999999999394e-05
6.751000000000000227e+02 -6.027260000000000430e-04 6.866499999999999394e-05
6.775000000000000000e+02 -5.989110000000000397e-04 6.866499999999999394e-05
6.798999999999999773e+02 -5.950960000000000364e-04 7.247970000000000335e-05
6.822999999999999545e+02 -5.950960000000000364e-04 7.629439999999999920e-05
6.847000000000000455e+02 -5.989110000000000397e-04 7.247970000000000335e-05
6.871000000000000227e+02 -5.950960000000000364e-04 7.629439999999999920e-05
6.895000000000000000e+02 -5.950960000000000364e-04 7.247970000000000335e-05
6.918999999999999773e+02 -5.912820000000000489e-04 7.629439999999999920e-05
6.942999999999999545e+02 -5.912820000000000489e-04 7.629439999999999920e-05
6.967000000000000455e+02 -5.912820000000000489e-04 7.629439999999999920e-05
6.991000000000000227e+02 -5.912820000000000489e-04 7.629439999999999920e-05
7.016000000000000227e+02 -5.912820000000000489e-04 7.629439999999999920e-05
7.040000000000000000e+02 -5.912820000000000489e-04 7.629439999999999920e-05
7.063999999999999773e+02 -5.874670000000000456e-04 7.629439999999999920e-05
7.087999999999999545e+02 -5.836520000000000423e-04 7.629439999999999920e-05
7.112000000000000455e+02 -5.836520000000000423e-04 7.629439999999999920e-05
7.136000000000000227e+02 -5.874670000000000456e-04 7.629439999999999920e-05
7.160000000000000000e+02 -5.874670000000000456e-04 8.010909999999999505e-05
7.183999999999999773e+02 -5.836520000000000423e-04 8.010909999999999505e-05
7.207999999999999545e+02 -5.836520000000000423e-04 8.010909999999999505e-05
7.232000000000000455e+02 -5.836520000000000423e-04 8.010909999999999505e-05
7.256000000000000227e+02 -5.836520000000000423e-04 8.010909999999999505e-05
7.280000000000000000e+02 -5.836520000000000423e-04 8.392380000000000445e-05
7.303999999999999773e+02 -5.836520000000000423e-04 8.392380000000000445e-05
7.327999999999999545e+02 -5.798379999999999463e-04 8.392380000000000445e-05
7.352000000000000455e+02 -5.798379999999999463e-04 8.392380000000000445e-05
7.376000000000000227e+02 -5.798379999999999463e-04 8.392380000000000445e-05
7.400000000000000000e+02 -5.798379999999999463e-04 8.773850000000000030e-05
7.423999999999999773e+02 -5.760230000000000515e-04 8.392380000000000445e-05
7.447999999999999545e+02 -5.798379999999999463e-04 8.773850000000000030e-05
7.472000000000000455e+02 -5.760230000000000515e-04 8.773850000000000030e-05
7.496000000000000227e+02 -5.760230000000000515e-04 8.773850000000000030e-05
7.521000000000000227e+02 -5.760230000000000515e-04 9.155319999999999615e-05
7.545000000000000000e+02 -5.722080000000000482e-04 8.773850000000000030e-05
7.568999999999999773e+02 -5.722080000000000482e-04 9.155319999999999615e-05
7.592999999999999545e+02 -5.722080000000000482e-04 9.155319999999999615e-05
7.617000000000000455e+02 -5.722080000000000482e-04 9.155319999999999615e-05
7.641000000000000227e+02 -5.722080000000000482e-04 9.155319999999999615e-05
7.665000000000000000e+02 -5.722080000000000482e-04 9.155319999999999615e-05
7.688999999999999773e+02 -5.683939999999999522e-04 9.536790000000000555e-05
7.712999999999999545e+02 -5.683939999999999522e-04 9.536790000000000555e-05
7.737000000000000455e+02 -5.683939999999999522e-04 9.536790000000000555e-05
7.761000000000000227e+02 -5.645789999999999489e-04 9.536790000000000555e-05
7.785000000000000000e+02 -5.645789999999999489e-04 9.536790000000000555e-05
7.808999999999999773e+02 -5.645789999999999489e-04 9.918260000000000140e-05
7.832999999999999545e+02 -5.645789999999999489e-04 9.536790000000000555e-05
7.857000000000000455e+02 -5.607640000000000541e-04 9.536790000000000555e-05
7.881000000000000227e+02 -5.607640000000000541e-04 9.918260000000000140e-05
7.905000000000000000e+02 -5.607640000000000541e-04 9.918260000000000140e-05
7.928999999999999773e+02 -5.607640000000000541e-04 9.918260000000000140e-05
7.952999999999999545e+02 -5.569499999999999581e-04 9.918260000000000140e-05
7.977000000000000455e+02 -5.569499999999999581e-04 9.918260000000000140e-05
8.002000000000000455e+02 -5.569499999999999581e-04 9.918260000000000140e-05
8.026000000000000227e+02 -5.569499999999999581e-04 9.918260000000000140e-05
8.050000000000000000e+02 -5.569499999999999581e-04 1.029970000000000034e-04
8.073999999999999773e+02 -5.569499999999999581e-04 1.029970000000000034e-04
8.097999999999999545e+02 -5.569499999999999581e-04 1.029970000000000034e-04
8.122000000000000455e+02 -5.569499999999999581e-04 1.029970000000000034e-04
8.146000000000000227e+02 -5.531349999999999548e-04 1.029970000000000034e-04
8.170000000000000000e+02 -5.531349999999999548e-04 1.029970000000000034e-04
8.193999999999999773e+02 -5.493199999999999516e-04 1.029970000000000034e-04
8.217999999999999545e+02 -5.493199999999999516e-04 1.029970000000000034e-04
8.242000000000000455e+02 -5.493199999999999516e-04 1.029970000000000034e-04
8.266000000000000227e+02 -5.493199999999999516e-04 1.029970000000000034e-04
8.290000000000000000e+02 -5.455049999999999483e-04 1.029970000000000034e-04
8.313999999999999773e+02 -5.455049999999999483e-04 1.029970000000000034e-04
8.337999999999999545e+02 -5.455049999999999483e-04 1.029970000000000034e-04
8.362000000000000455e+02 -5.455049999999999483e-04 1.068120000000000067e-04
8.386000000000000227e+02 -5.455049999999999483e-04 1.068120000000000067e-04
8.410000000000000000e+02 -5.455049999999999483e-04 1.068120000000000067e-04
8.433999999999999773e+02 -5.416909999999999607e-04 1.029970000000000034e-04
8.457999999999999545e+02 -5.416909999999999607e-04 1.068120000000000067e-04
8.482000000000000455e+02 -5.416909999999999607e-04 1.068120000000000067e-04
8.507000000000000455e+02 -5.378759999999999574e-04 1.068120000000000067e-04
8.531000000000000227e+02 -5.378759999999999574e-04 1.068120000000000067e-04
8.555000000000000000e+02 -5.378759999999999574e-04 1.068120000000000067e-04
8.578999999999999773e+02 -5.378759999999999574e-04 1.068120000000000067e-04
8.602999999999999545e+02 -5.340609999999999542e-04 1.106269999999999964e-04
8.627000000000000455e+02 -5.340609999999999542e-04 1.106269999999999964e-04
8.651000000000000227e+02 -5.340609999999999542e-04 1.106269999999999964e-04
8.675000000000000000e+02 -5.340609999999999542e-04 1.106269999999999964e-04
8.698999999999999773e+02 -5.302469999999999666e-04 1.106269999999999964e-04
8.722999999999999545e+02 -5.302469999999999666e-04 1.106269999999999964e-04
8.747000000000000455e+02 -5.302469999999999666e-04 1.106269999999999964e-04
8.771000000000000227e+02 -5.302469999999999666e-04 1.144409999999999975e-04
8.795000000000000000e+02 -5.302469999999999666e-04 1.144409999999999975e-04
8.818999999999999773e+02 -5.302469999999999666e-04 1.144409999999999975e-04
8.842999999999999545e+02 -5.302469999999999666e-04 1.144409999999999975e-04
8.867000000000000455e+02 -5.264319999999999633e-04 1.144409999999999975e-04
8.891000000000000227e+02 -5.264319999999999633e-04 1.144409999999999975e-04
8.915000000000000000e+02 -5.264319999999999633e-04 1.144409999999999975e-04
8.938999999999999773e+02 -5.226169999999999601e-04 1.144409999999999975e-04
8.962999999999999545e+02 -5.226169999999999601e-04 1.144409999999999975e-04
8.987000000000000455e+02 -5.226169999999999601e-04 1.182560000000000008e-04
9.012000000000000455e+02 -5.226169999999999601e-04 1.220709999999999905e-04
9.036000000000000227e+02 -5.188029999999999725e-04 1.182560000000000008e-04
9.060000000000000000e+02 -5.188029999999999725e-04 1.144409999999999975e-04
9.083999999999999773e+02 -5.188029999999999725e-04 1.182560000000000008e-04
9.107999999999999545e+02 -5.149879999999999692e-04 1.182560000000000008e-04
9.132000000000000455e+02 -5.149879999999999692e-04 1.182560000000000008e-04
9.156000000000000227e+02 -5.149879999999999692e-04 1.182560000000000008e-04
9.180000000000000000e+02 -5.149879999999999692e-04 1.182560000000000008e-04
9.203999999999999773e+02 -5.149879999999999692e-04 1.182560000000000008e-04
9.227999999999999545e+02 -5.111729999999999659e-04 1.182560000000000008e-04
9.252000000000000455e+02 -5.111729999999999659e-04 1.182560000000000008e-04
9.276000000000000227e+02 -5.073579999999999627e-04 1.220709999999999905e-04
9.300000000000000000e+02 -5.073579999999999627e-04 1.220709999999999905e-04
9.323999999999999773e+02 -5.073579999999999627e-04 1.220709999999999905e-04
9.347999999999999545e+02 -5.073579999999999627e-04 1.220709999999999905e-04
9.372000000000000455e+02 -5.035439999999999751e-04 1.220709999999999905e-04
9.396000000000000227e+02 -5.035439999999999751e-04 1.220709999999999905e-04
9.420000000000000000e+02 -5.035439999999999751e-04 1.220709999999999905e-04
9.443999999999999773e+02 -5.035439999999999751e-04 1.220709999999999905e-04
9.467999999999999545e+02 -5.035439999999999751e-04 1.220709999999999905e-04
9.492000000000000455e+02 -5.035439999999999751e-04 1.220709999999999905e-04
9.517000000000000455e+02 -5.035439999999999751e-04 1.220709999999999905e-04
9.541000000000000227e+02 -4.997289999999999718e-04 1.220709999999999905e-04
9.565000000000000000e+02 -4.997289999999999718e-04 1.220709999999999905e-04
9.588999999999999773e+02 -4.997289999999999718e-04 1.258859999999999938e-04
9.612999999999999545e+02 -4.997289999999999718e-04 1.258859999999999938e-04
9.637000000000000455e+02 -4.959139999999999686e-04 1.220709999999999905e-04
9.661000000000000227e+02 -4.959139999999999686e-04 1.258859999999999938e-04
9.685000000000000000e+02 -4.920999999999999810e-04 1.258859999999999938e-04
9.708999999999999773e+02 -4.920999999999999810e-04 1.258859999999999938e-04
9.732999999999999545e+02 -4.920999999999999810e-04 1.258859999999999938e-04
9.757000000000000455e+02 -4.920999999999999810e-04 1.258859999999999938e-04
9.781000000000000227e+02 -4.920999999999999810e-04 1.258859999999999938e-04
9.805000000000000000e+02 -4.882849999999999777e-04 1.258859999999999938e-04
9.828999999999999773e+02 -4.882849999999999777e-04 1.258859999999999938e-04
9.852999999999999545e+02 -4.844679999999999972e-04 1.297009999999999971e-04
9.877000000000000455e+02 -4.844679999999999972e-04 1.297009999999999971e-04
9.901000000000000227e+02 -4.844679999999999972e-04 1.297009999999999971e-04
9.925000000000000000e+02 -4.844679999999999972e-04 1.297009999999999971e-04
9.948999999999999773e+02 -4.806540000000000096e-04 1.297009999999999971e-04
9.972999999999999545e+02 -4.806540000000000096e-04 1.297009999999999971e-04
9.997000000000000455e+02 -4.806540000000000096e-04 1.297009999999999971e-04
1.002200000000000045e+03 -4.806540000000000096e-04 1.297009999999999971e-04
1.004600000000000023e+03 -4.768390000000000063e-04 1.297009999999999971e-04
1.007000000000000000e+03 -4.768390000000000063e-04 1.297009999999999971e-04
1.009399999999999977e+03 -4.768390000000000063e-04 1.297009999999999971e-04
1.011799999999999955e+03 -4.768390000000000063e-04 1.297009999999999971e-04
1.014200000000000045e+03 -4.768390000000000063e-04 1.297009999999999971e-04
1.016600000000000023e+03 -4.768390000000000063e-04 1.297009999999999971e-04
1.019000000000000000e+03 -4.730240000000000031e-04 1.297009999999999971e-04
1.021399999999999977e+03 -4.730240000000000031e-04 1.297009999999999971e-04
1.023799999999999955e+03 -4.730240000000000031e-04 1.297009999999999971e-04
1.026200000000000045e+03 -4.692100000000000155e-04 1.297009999999999971e-04
1.028599999999999909e+03 -4.692100000000000155e-04 1.297009999999999971e-04
1.031000000000000000e+03 -4.692100000000000155e-04 1.297009999999999971e-04
1.033400000000000091e+03 -4.692100000000000155e-04 1.297009999999999971e-04
1.035799999999999955e+03 -4.692100000000000155e-04 1.297009999999999971e-04
1.038200000000000045e+03 -4.653950000000000122e-04 1.297009999999999971e-04
1.040599999999999909e+03 -4.615800000000000089e-04 1.297009999999999971e-04
1.043000000000000000e+03 -4.615800000000000089e-04 1.297009999999999971e-04
1.045400000000000091e+03 -4.615800000000000089e-04 1.297009999999999971e-04
1.047799999999999955e+03 -4.615800000000000089e-04 1.297009999999999971e-04
1.050299999999999955e+03 -4.615800000000000089e-04 1.335150000000000117e-04
1.052700000000000045e+03 -4.539510000000000181e-04 1.335150000000000117e-04
1.055099999999999909e+03 -4.577660000000000214e-04 1.335150000000000117e-04
1.057500000000000000e+03 -4.577660000000000214e-04 1.297009999999999971e-04
1.059900000000000091e+03 -4.539510000000000181e-04 1.297009999999999971e-04
1.062299999999999955e+03 -4.539510000000000181e-04 1.297009999999999971e-04
1.064700000000000045e+03 -4.501360000000000148e-04 1.297009999999999971e-04
1.067099999999999909e+03 -4.539510000000000181e-04 1.335150000000000117e-04
1.069500000000000000e+03 -4.501360000000000148e-04 1.335150000000000117e-04
1.071900000000000091e+03 -4.501360000000000148e-04 1.297009999999999971e-04
1.074299999999999955e+03 -4.501360000000000148e-04 1.297009999999999971e-04
1.076700000000000045e+03 -4.501360000000000148e-04 1.335150000000000117e-04
1.079099999999999909e+03 -4.463210000000000116e-04 1.335150000000000117e-04
1.081500000000000000e+03 -4.463210000000000116e-04 1.335150000000000117e-04
1.083900000000000091e+03 -4.463210000000000116e-04 1.335150000000000117e-04
1.086299999999999955e+03 -4.463210000000000116e-04 1.335150000000000117e-04
1.088700000000000045e+03 -4.425070000000000240e-04 1.335150000000000117e-04
1.091099999999999909e+03 -4.425070000000000240e-04 1.335150000000000117e-04
1.093500000000000000e+03 -4.425070000000000240e-04 1.335150000000000117e-04
1.095900000000000091e+03 -4.425070000000000240e-04 1.373299999999999879e-04
1.098299999999999955e+03 -4.386920000000000207e-04 1.335150000000000117e-04
1.100799999999999955e+03 -4.386920000000000207e-04 1.335150000000000117e-04
1.103200000000000045e+03 -4.348770000000000174e-04 1.335150000000000117e-04
1.105599999999999909e+03 -4.348770000000000174e-04 1.335150000000000117e-04
1.108000000000000000e+03 -4.310629999999999757e-04 1.335150000000000117e-04
1.110400000000000091e+03 -4.310629999999999757e-04 1.335150000000000117e-04
1.112799999999999955e+03 -4.310629999999999757e-04 1.373299999999999879e-04
1.115200000000000045e+03 -4.310629999999999757e-04 1.335150000000000117e-04
1.117599999999999909e+03 -4.310629999999999757e-04 1.335150000000000117e-04
1.120000000000000000e+03 -4.272480000000000266e-04 1.335150000000000117e-04
1.122400000000000091e+03 -4.272480000000000266e-04 1.335150000000000117e-04
1.124799999999999955e+03 -4.272480000000000266e-04 1.335150000000000117e-04
1.127200000000000045e+03 -4.234330000000000233e-04 1.335150000000000117e-04
1.129599999999999909e+03 -4.272480000000000266e-04 1.335150000000000117e-04
1.132000000000000000e+03 -4.234330000000000233e-04 1.335150000000000117e-04
1.134400000000000091e+03 -4.234330000000000233e-04 1.335150000000000117e-04
1.136799999999999955e+03 -4.234330000000000233e-04 1.335150000000000117e-04
1.139200000000000045e+03 -4.234330000000000233e-04 1.335150000000000117e-04
1.141599999999999909e+03 -4.196189999999999816e-04 1.335150000000000117e-04
1.144000000000000000e+03 -4.196189999999999816e-04 1.373299999999999879e-04
1.146400000000000091e+03 -4.196189999999999816e-04 1.335150000000000117e-04
1.148799999999999955e+03 -4.158039999999999783e-04 1.335150000000000117e-04
1.151299999999999955e+03 -4.158039999999999783e-04 1.373299999999999879e-04
1.153700000000000045e+03 -4.158039999999999783e-04 1.335150000000000117e-04
1.156099999999999909e+03 -4.158039999999999783e-04 1.373299999999999879e-04
1.158500000000000000e+03 -4.119889999999999750e-04 1.335150000000000117e-04
1.160900000000000091e+03 -4.119889999999999750e-04 1.373299999999999879e-04
1.163299999999999955e+03 -4.119889999999999750e-04 1.373299999999999879e-04
1.165700000000000045e+03 -4.081740000000000259e-04 1.373299999999999879e-04
1.168099999999999909e+03 -4.081740000000000259e-04 1.373299999999999879e-04
1.170500000000000000e+03 -4.043599999999999842e-04 1.335150000000000117e-04
1.172900000000000091e+03 -4.043599999999999842e-04 1.373299999999999879e-04
1.175299999999999955e+03 -4.043599999999999842e-04 1.373299999999999879e-04
1.177700000000000045e+03 -4.043599999999999842e-04 1.373299999999999879e-04
1.180099999999999909e+03 -4.043599999999999842e-04 1.373299999999999879e-04
1.182500000000000000e+03 -4.005449999999999809e-04 1.373299999999999879e-04
1.184900000000000091e+03 -4.005449999999999809e-04 1.373299999999999879e-04
1.187299999999999955e+03 -3.967299999999999776e-04 1.373299999999999879e-04
1.189700000000000045e+03 -3.967299999999999776e-04 1.373299999999999879e-04
1.192099999999999909e+03 -3.967299999999999776e-04 1.373299999999999879e-04
1.194500000000000000e+03 -3.967299999999999776e-04 1.335150000000000117e-04
1.196900000000000091e+03 -3.967299999999999776e-04 1.373299999999999879e-04
1.199299999999999955e+03 -3.967299999999999776e-04 1.335150000000000117e-04
1.201799999999999955e+03 -3.929159999999999901e-04 1.335150000000000117e-04
1.204200000000000045e+03 -3.929159999999999901e-04 1.373299999999999879e-04
1.206599999999999909e+03 -3.891009999999999868e-04 1.373299999999999879e-04
1.209000000000000000e+03 -3.891009999999999868e-04 1.373299999999999879e-04
1.211400000000000091e+03 -3.891009999999999868e-04 1.373299999999999879e-04
1.213799999999999955e+03 -3.852859999999999835e-04 1.373299999999999879e-04
1.216200000000000045e+03 -3.852859999999999835e-04 1.373299999999999879e-04
1.218599999999999909e+03 -3.852859999999999835e-04 1.373299999999999879e-04
1.221000000000000000e+03 -3.814719999999999960e-04 1.335150000000000117e-04
1.223400000000000091e+03 -3.814719999999999960e-04 1.373299999999999879e-04
1.225799999999999955e+03 -3.814719999999999960e-04 1.373299999999999879e-04
1.228200000000000045e+03 -3.814719999999999960e-04 1.373299999999999879e-04
1.230599999999999909e+03 -3.776569999999999927e-04 1.373299999999999879e-04
1.233000000000000000e+03 -3.776569999999999927e-04 1.335150000000000117e-04
1.235400000000000091e+03 -3.738419999999999894e-04 1.335150000000000117e-04
1.237799999999999955e+03 -3.738419999999999894e-04 1.373299999999999879e-04
1.240200000000000045e+03 -3.738419999999999894e-04 1.373299999999999879e-04
1.242599999999999909e+03 -3.700269999999999861e-04 1.373299999999999879e-04
1.245000000000000000e+03 -3.700269999999999861e-04 1.335150000000000117e-04
1.247400000000000091e+03 -3.700269999999999861e-04 1.335150000000000117e-04
1.249799999999999955e+03 -3.700269999999999861e-04 1.335150000000000117e-04
1.252299999999999955e+03 -3.700269999999999861e-04 1.335150000000000117e-04
1.254700000000000045e+03 -3.700269999999999861e-04 1.335150000000000117e-04
1.257099999999999909e+03 -3.700269999999999861e-04 1.335150000000000117e-04
1.259500000000000000e+03 -3.662129999999999986e-04 1.335150000000000117e-04
1.261900000000000091e+03 -3.662129999999999986e-04 1.335150000000000117e-04
1.264299999999999955e+03 -3.623979999999999953e-04 1.335150000000000117e-04
1.266700000000000045e+03 -3.623979999999999953e-04 1.335150000000000117e-04
1.269099999999999909e+03 -3.623979999999999953e-04 1.335150000000000117e-04
1.271500000000000000e+03 -3.623979999999999953e-04 1.335150000000000117e-04
1.273900000000000091e+03 -3.585829999999999920e-04 1.335150000000000117e-04
1.276299999999999955e+03 -3.585829999999999920e-04 1.335150000000000117e-04
1.278700000000000045e+03 -3.547690000000000045e-04 1.335150000000000117e-04
1.281099999999999909e+03 -3.547690000000000045e-04 1.335150000000000117e-04
1.283500000000000000e+03 -3.547690000000000045e-04 1.335150000000000117e-04
1.285900000000000091e+03 -3.547690000000000045e-04 1.335150000000000117e-04
1.288299999999999955e+03 -3.509540000000000012e-04 1.335150000000000117e-04
1.290700000000000045e+03 -3.509540000000000012e-04 1.335150000000000117e-04
1.293099999999999909e+03 -3.471389999999999979e-04 1.335150000000000117e-04
1.295500000000000000e+03 -3.471389999999999979e-04 1.335150000000000117e-04
1.297900000000000091e+03 -3.471389999999999979e-04 1.335150000000000117e-04
1.300400000000000091e+03 -3.433250000000000104e-04 1.335150000000000117e-04
1.302799999999999955e+03 -3.433250000000000104e-04 1.335150000000000117e-04
1.305200000000000045e+03 -3.433250000000000104e-04 1.297009999999999971e-04
1.307599999999999909e+03 -3.433250000000000104e-04 1.335150000000000117e-04
1.310000000000000000e+03 -3.433250000000000104e-04 1.335150000000000117e-04
1.312400000000000091e+03 -3.433250000000000104e-04 1.335150000000000117e-04
1.314799999999999955e+03 -3.395100000000000071e-04 1.297009999999999971e-04
1.317200000000000045e+03 -3.433250000000000104e-04 1.335150000000000117e-04
1.319599999999999909e+03 -3.395100000000000071e-04 1.297009999999999971e-04
1.322000000000000000e+03 -3.395100000000000071e-04 1.297009999999999971e-04
1.324400000000000091e+03 -3.356950000000000038e-04 1.335150000000000117e-04
1.326799999999999955e+03 -3.356950000000000038e-04 1.297009999999999971e-04
1.329200000000000045e+03 -3.318810000000000163e-04 1.297009999999999971e-04
1.331599999999999909e+03 -3.318810000000000163e-04 1.297009999999999971e-04
1.334000000000000000e+03 -3.318810000000000163e-04 1.297009999999999971e-04
1.336400000000000091e+03 -3.280660000000000130e-04 1.297009999999999971e-04
1.338799999999999955e+03 -3.280660000000000130e-04 1.297009999999999971e-04
1.341200000000000045e+03 -3.280660000000000130e-04 1.297009999999999971e-04
1.343599999999999909e+03 -3.242510000000000097e-04 1.297009999999999971e-04
1.346000000000000000e+03 -3.242510000000000097e-04 1.297009999999999971e-04
1.348400000000000091e+03 -3.242510000000000097e-04 1.297009999999999971e-04
1.350900000000000091e+03 -3.204360000000000064e-04 1.297009999999999971e-04
1.353299999999999955e+03 -3.204360000000000064e-04 1.297009999999999971e-04
1.355700000000000045e+03 -3.204360000000000064e-04 1.297009999999999971e-04
1.358099999999999909e+03 -3.204360000000000064e-04 1.297009999999999971e-04
1.360500000000000000e+03 -3.204360000000000064e-04 1.297009999999999971e-04
1.362900000000000091e+03 -3.166220000000000189e-04 1.297009999999999971e-04
1.365299999999999955e+03 -3.166220000000000189e-04 1.297009999999999971e-04
1.367700000000000045e+03 -3.166220000000000189e-04 1.297009999999999971e-04
1.370099999999999909e+03 -3.166220000000000189e-04 1.297009999999999971e-04
1.372500000000000000e+03 -3.128070000000000156e-04 1.297009999999999971e-04
1.374900000000000091e+03 -3.128070000000000156e-04 1.297009999999999971e-04
1.377299999999999955e+03 -3.128070000000000156e-04 1.297009999999999971e-04
1.379700000000000045e+03 -3.089920000000000123e-04 1.258859999999999938e-04
1.382099999999999909e+03 -3.089920000000000123e-04 1.297009999999999971e-04
1.384500000000000000e+03 -3.051780000000000248e-04 1.297009999999999971e-04
1.386900000000000091e+03 -3.051780000000000248e-04 1.297009999999999971e-04
1.389299999999999955e+03 -3.051780000000000248e-04 1.297009999999999971e-04
1.391700000000000045e+03 -3.013630000000000215e-04 1.297009999999999971e-04
1.394099999999999909e+03 -3.013630000000000215e-04 1.297009999999999971e-04
1.396500000000000000e+03 -3.013630000000000215e-04 1.297009999999999971e-04
1.398900000000000091e+03 -2.975480000000000182e-04 1.258859999999999938e-04
1.401400000000000091e+03 -2.975480000000000182e-04 1.258859999999999938e-04
1.403799999999999955e+03 -2.975480000000000182e-04 1.258859999999999938e-04
1.406200000000000045e+03 -2.937339999999999765e-04 1.258859999999999938e-04
1.408599999999999909e+03 -2.937339999999999765e-04 1.258859999999999938e-04
1.411000000000000000e+03 -2.937339999999999765e-04 1.258859999999999938e-04
1.413400000000000091e+03 -2.937339999999999765e-04 1.258859999999999938e-04
1.415799999999999955e+03 -2.937339999999999765e-04 1.258859999999999938e-04
1.418200000000000045e+03 -2.937339999999999765e-04 1.258859999999999938e-04
1.420599999999999909e+03 -2.899189999999999732e-04 1.258859999999999938e-04
1.423000000000000000e+03 -2.899189999999999732e-04 1.258859999999999938e-04
1.425400000000000091e+03 -2.861040000000000241e-04 1.220709999999999905e-04
1.427799999999999955e+03 -2.861040000000000241e-04 1.220709999999999905e-04
1.430200000000000045e+03 -2.861040000000000241e-04 1.220709999999999905e-04
1.432599999999999909e+03 -2.861040000000000241e-04 1.220709999999999905e-04
1.435000000000000000e+03 -2.822890000000000208e-04 1.220709999999999905e-04
1.437400000000000091e+03 -2.822890000000000208e-04 1.220709999999999905e-04
1.439799999999999955e+03 -2.822890000000000208e-04 1.220709999999999905e-04
1.442200000000000045e+03 -2.784749999999999791e-04 1.220709999999999905e-04
1.444599999999999909e+03 -2.784749999999999791e-04 1.220709999999999905e-04
1.447000000000000000e+03 -2.746599999999999758e-04 1.220709999999999905e-04
1.449400000000000091e+03 -2.746599999999999758e-04 1.220709999999999905e-04
1.451900000000000091e+03 -2.746599999999999758e-04 1.220709999999999905e-04
1.454299999999999955e+03 -2.708450000000000267e-04 1.220709999999999905e-04
1.456700000000000045e+03 -2.708450000000000267e-04 1.182560000000000008e-04
1.459099999999999909e+03 -2.670309999999999850e-04 1.182560000000000008e-04
1.461500000000000000e+03 -2.670309999999999850e-04 1.182560000000000008e-04
1.463900000000000091e+03 -2.670309999999999850e-04 1.182560000000000008e-04
1.466299999999999955e+03 -2.670309999999999850e-04 1.182560000000000008e-04
1.468700000000000045e+03 -2.670309999999999850e-04 1.182560000000000008e-04
1.471099999999999909e+03 -2.670309999999999850e-04 1.182560000000000008e-04
1.473500000000000000e+03 -2.632159999999999817e-04 1.182560000000000008e-04
1.475900000000000091e+03 -2.632159999999999817e-04 1.182560000000000008e-04
1.478299999999999955e+03 -2.632159999999999817e-04 1.182560000000000008e-04
1.480700000000000045e+03 -2.594009999999999784e-04 1.144409999999999975e-04
1.483099999999999909e+03 -2.594009999999999784e-04 1.144409999999999975e-04
1.485500000000000000e+03 -2.594009999999999784e-04 1.144409999999999975e-04
1.487900000000000091e+03 -2.594009999999999784e-04 1.144409999999999975e-04
1.490299999999999955e+03 -2.555869999999999908e-04 1.144409999999999975e-04
1.492700000000000045e+03 -2.517719999999999876e-04 1.144409999999999975e-04
1.495099999999999909e+03 -2.517719999999999876e-04 1.144409999999999975e-04
1.497500000000000000e+03 -2.517719999999999876e-04 1.106269999999999964e-04
1.500000000000000000e+03 -2.517719999999999876e-04 1.106269999999999964e-04
