#Frequency (Hz)	X(V)	Y(V)
3.200000000000000000e+02 -2.447379999999999868e-03 -8.106289999999999937e-06
3.201999999999999886e+02 -2.443569999999999943e-03 -1.192099999999999987e-05
3.205000000000000000e+02 -2.444280000000000064e-03 -7.629450000000000280e-06
3.206999999999999886e+02 -2.451669999999999978e-03 -1.120570000000000013e-05
3.210000000000000000e+02 -2.446189999999999996e-03 -1.144419999999999963e-05
3.211999999999999886e+02 -2.449530000000000110e-03 -1.263619999999999940e-05
3.215000000000000000e+02 -2.444280000000000064e-03 -1.168260000000000060e-05
3.216999999999999886e+02 -2.449769999999999986e-03 -1.263619999999999940e-05
3.220000000000000000e+02 -2.445950000000000121e-03 -1.215940000000000084e-05
3.221999999999999886e+02 -2.443569999999999943e-03 -9.298379999999999225e-06
3.225000000000000000e+02 -2.447860000000000053e-03 -1.478200000000000010e-05
3.226999999999999886e+02 -2.445950000000000121e-03 -1.120570000000000013e-05
3.230000000000000000e+02 -2.449049999999999925e-03 -1.239780000000000012e-05
3.231999999999999886e+02 -2.446900000000000117e-03 -1.525890000000000056e-05
3.235000000000000000e+02 -2.446189999999999996e-03 -1.168260000000000060e-05
3.236999999999999886e+02 -2.447139999999999992e-03 -1.621260000000000127e-05
3.240000000000000000e+02 -2.444280000000000064e-03 -1.168260000000000060e-05
3.241999999999999886e+02 -2.449289999999999801e-03 -7.867869999999999261e-06
3.245000000000000000e+02 -2.447379999999999868e-03 -1.311309999999999986e-05
3.246999999999999886e+02 -2.448339999999999805e-03 -1.430519999999999985e-05
3.250000000000000000e+02 -2.447379999999999868e-03 -1.454360000000000082e-05
3.253000000000000114e+02 -2.447860000000000053e-03 -1.835830000000000006e-05
3.255000000000000000e+02 -2.449530000000000110e-03 -1.716629999999999860e-05
3.258000000000000114e+02 -2.444040000000000188e-03 -1.788150000000000151e-05
3.260000000000000000e+02 -2.446189999999999996e-03 -2.121939999999999880e-05
3.263000000000000114e+02 -2.449999999999999921e-03 -1.955039999999999835e-05
3.265000000000000000e+02 -2.446900000000000117e-03 -1.835830000000000006e-05
3.268000000000000114e+02 -2.447379999999999868e-03 -2.074250000000000003e-05
3.270000000000000000e+02 -2.449049999999999925e-03 -2.217299999999999930e-05
3.273000000000000114e+02 -2.449289999999999801e-03 -1.096729999999999916e-05
3.275000000000000000e+02 -2.445469999999999935e-03 -2.384199999999999975e-05
3.278000000000000114e+02 -2.444759999999999815e-03 -1.978889999999999954e-05
3.280000000000000000e+02 -2.449049999999999925e-03 -2.551089999999999998e-05
3.283000000000000114e+02 -2.447620000000000177e-03 -2.551089999999999998e-05
3.285000000000000000e+02 -2.446429999999999872e-03 -3.051780000000000112e-05
3.288000000000000114e+02 -2.451200000000000167e-03 -3.242520000000000254e-05
3.290000000000000000e+02 -2.454060000000000095e-03 -2.932559999999999922e-05
3.293000000000000114e+02 -2.449049999999999925e-03 -3.433249999999999697e-05
3.295000000000000000e+02 -2.457159999999999900e-03 -4.172350000000000125e-05
3.298000000000000114e+02 -2.451909999999999853e-03 -4.553819999999999711e-05
3.301000000000000227e+02 -2.455249999999999967e-03 -5.126020000000000094e-05
3.303000000000000114e+02 -2.462400000000000005e-03 -5.483650000000000259e-05
3.306000000000000227e+02 -2.463120000000000066e-03 -6.318140000000000464e-05
3.308000000000000114e+02 -2.455730000000000152e-03 -6.604240000000000316e-05
3.311000000000000227e+02 -2.470990000000000165e-03 -7.414859999999999680e-05
3.313000000000000114e+02 -2.473609999999999785e-03 -8.225489999999999744e-05
3.316000000000000227e+02 -2.488150000000000171e-03 -9.942099999999999560e-05
3.318000000000000114e+02 -2.504129999999999811e-03 -1.106269999999999964e-04
3.321000000000000227e+02 -2.538700000000000071e-03 -1.094349999999999983e-04
3.323000000000000114e+02 -2.573740000000000142e-03 -9.036110000000000463e-05
3.326000000000000227e+02 -2.607599999999999849e-03 -3.194830000000000039e-05
3.328000000000000114e+02 -2.615469999999999948e-03 4.768399999999999950e-06
3.331000000000000227e+02 -2.604739999999999920e-03 5.149860000000000191e-05
3.333000000000000114e+02 -2.588050000000000159e-03 9.155319999999999615e-05
3.336000000000000227e+02 -2.553720000000000209e-03 1.211169999999999993e-04
3.338000000000000114e+02 -2.522250000000000186e-03 1.428140000000000052e-04
3.341000000000000227e+02 -2.482429999999999880e-03 1.282699999999999899e-04
3.343000000000000114e+02 -2.455249999999999967e-03 1.211169999999999993e-04
3.346000000000000227e+02 -2.457400000000000209e-03 9.036110000000000463e-05
3.348000000000000114e+02 -2.459540000000000077e-03 8.773850000000000030e-05
3.351000000000000227e+02 -2.453579999999999910e-03 7.963230000000000666e-05
3.353999999999999773e+02 -2.450239999999999797e-03 6.794979999999999781e-05
3.356000000000000227e+02 -2.462400000000000005e-03 5.292920000000000139e-05
3.358999999999999773e+02 -2.458590000000000081e-03 5.626700000000000186e-05
3.361000000000000227e+02 -2.443090000000000192e-03 7.033390000000000095e-05
3.363999999999999773e+02 -2.452629999999999914e-03 5.984329999999999674e-05
3.366000000000000227e+02 -2.451430000000000102e-03 5.054499999999999803e-05
3.368999999999999773e+02 -2.445469999999999935e-03 4.816080000000000144e-05
3.371000000000000227e+02 -2.449530000000000110e-03 4.434609999999999881e-05
3.373999999999999773e+02 -2.433079999999999792e-03 4.172350000000000125e-05
3.376000000000000227e+02 -2.448570000000000173e-03 4.363080000000000246e-05
3.378999999999999773e+02 -2.456199999999999963e-03 5.555179999999999894e-05
3.381000000000000227e+02 -2.444519999999999939e-03 3.981609999999999983e-05
3.383999999999999773e+02 -2.447139999999999992e-03 4.076979999999999716e-05
3.386000000000000227e+02 -2.442610000000000007e-03 2.861029999999999948e-05
3.388999999999999773e+02 -2.444759999999999815e-03 3.576300000000000301e-05
3.391000000000000227e+02 -2.464070000000000062e-03 3.695510000000000131e-05
3.393999999999999773e+02 -2.446900000000000117e-03 3.671670000000000034e-05
3.396000000000000227e+02 -2.453100000000000159e-03 4.076979999999999716e-05
3.398999999999999773e+02 -2.447860000000000053e-03 3.266359999999999674e-05
3.401999999999999886e+02 -2.446189999999999996e-03 3.433249999999999697e-05
3.403999999999999773e+02 -2.447139999999999992e-03 3.528620000000000107e-05
3.406999999999999886e+02 -2.446670000000000181e-03 3.218670000000000136e-05
3.408999999999999773e+02 -2.445240000000000000e-03 2.980240000000000116e-05
3.411999999999999886e+02 -2.449530000000000110e-03 3.433249999999999697e-05
3.413999999999999773e+02 -2.449289999999999801e-03 3.814719999999999960e-05
3.416999999999999886e+02 -2.447379999999999868e-03 3.099460000000000306e-05
3.418999999999999773e+02 -2.447139999999999992e-03 2.956400000000000019e-05
3.421999999999999886e+02 -2.451909999999999853e-03 2.884880000000000067e-05
3.423999999999999773e+02 -2.446900000000000117e-03 2.908720000000000164e-05
3.426999999999999886e+02 -2.446900000000000117e-03 2.980240000000000116e-05
3.428999999999999773e+02 -2.447139999999999992e-03 2.813350000000000093e-05
3.431999999999999886e+02 -2.446429999999999872e-03 3.314039999999999868e-05
3.433999999999999773e+02 -2.446900000000000117e-03 2.932559999999999922e-05
3.436999999999999886e+02 -2.443809999999999819e-03 3.099460000000000306e-05
3.438999999999999773e+02 -2.448810000000000049e-03 2.813350000000000093e-05
3.441999999999999886e+02 -2.446429999999999872e-03 2.813350000000000093e-05
3.443999999999999773e+02 -2.450959999999999857e-03 2.932559999999999922e-05
3.446999999999999886e+02 -2.448099999999999929e-03 2.813350000000000093e-05
3.450000000000000000e+02 -2.447379999999999868e-03 2.932559999999999922e-05
